0 -21.71575 0.7954747821327446 1.0972302367425704 1.168847617348156 18.349 24.150000000000002 22.3005 0.6066114237120128 0.6165999071148931 0.5936734637235673 
1 -23.2585 0.8612940158015142 0.9269792044446941 1.1187058184008116 25.346999999999998 21.179250000000003 22.78925 0.5161867163794509 0.6317915864416042 0.5939110607294177 
2 -24.57025 0.8143091588086125 1.1098288163627297 1.115268573023261 19.976499999999998 25.32725 27.983749999999997 0.4894832160575168 0.6591804515832862 0.49433291756483955 
3 -21.89325 0.871266764313528 1.046884981961513 1.2365473143623837 18.828 24.208000000000002 22.221000000000004 0.617373577215984 0.5936047965830454 0.6475032404523164 
4 -28.23025 0.7734148001952317 1.036924897316756 1.1966545736466494 22.566499999999998 26.964750000000002 34.532500000000006 0.5483689797242723 0.45782829403824826 0.4668107911312478 
5 -18.761333333333337 0.7561585210960811 0.9267406980127009 1.2177600782938967 17.47425 19.99175 18.508750000000003 0.5528110521742492 0.6349507739545517 0.6737208045175312 
6 -20.831 0.896490511281473 1.0857925165344464 1.1808750995891828 17.990499999999997 22.156000000000002 22.036250000000003 0.5497326290581304 0.6168736626969229 0.6250526200371291 
7 -19.269916666666667 0.6985281094944216 1.1021075059711163 1.2452963082287005 15.109749999999996 19.4275 22.9695 0.6511308649883076 0.6579688673182608 0.614664999643046 
8 -33.54391666666666 0.9313555917679673 0.7809670926279055 1.1203008612012175 38.695 40.754 20.5045 0.4315628326317693 0.45952166396547234 0.5724093716796133 
9 -21.544083333333337 0.7370072183243404 0.8661297984332785 1.249897238439418 25.0805 18.82975 20.338249999999995 0.5280505239288797 0.6486836352788857 0.7264661333058331 
